$ANSIBLE_VAULT;1.1;AES256
38303637636462616231613736386538316639303431633731343335376532663962623565323435
6632363865643664343238343632356464333363323662620a303366376662363631333332393738
34633265643863643134306536653266343632326639346136353036653733353765383861656230
3964623136393061340a636663373432633539633163303230316165626364313434636333346464
33643261396163323432643537373734663463623563393336656364303638633039643431323962
66636535353864653861353030326462323761643866643231613833643764643766386366616134
38303030366430613130393138626238303238323730626263373938623637633936323162633864
64346261633436373839353866616230316438633463323737393762633932316532366561386530
65366236633363656438323937306334383966333633666533373933626565333334656135616537
32663131373635666566613166383139326130623032303932383136623033613434393162653630
39656435393736623031373230626335363262326539313161336233656464646266333633313331
36643266656665646332
