$ANSIBLE_VAULT;1.1;AES256
31633731353066323434326133663339393233316235366231643064326566643635613665663662
6563393663366266383464316165376231353463623362310a303732323138396630616162373163
34333036313436386434393161633439373862636261363936343138356339396232393631313831
6361353463333931360a633335663466353931626539343234633939656333323931663664356139
65626235353763383462383066346136323362666637326166393231353965313433666338623439
61383666386538333539663064373733643865396237343835323465323037323836396135663161
65386634386666343334363038323766323039653266626531346436643831373063323561656361
35373535326335656132363737316539643862346561313562326432646631333538303364363164
35363233656539383866383731336634643665343838663639316134663762653033633663653932
30316363373066366232653066383262653030626433376561393036336535313033373833316532
35376230346133653737636164326533656639393264323366346336303763393230353665343534
31656238303538626461
